1753103246914 0.5100871324539185 0
1753103728748 0.5509784817695618 1
1753104210278 0.570550262928009 2
1753104690926 0.5810260772705078 3
1753105171928 0.5897738337516785 4
1753105651468 0.5934050679206848 5
1753106129500 0.5979509949684143 6
1753106606887 0.6008279919624329 7
1753107084306 0.6051344871520996 8
1753107561399 0.6060076951980591 9
1753108038121 0.608124852180481 10
1753108515189 0.6101038455963135 11
1753103246914 0.5100871324539185 0
1753103246914 0.5100871324539185 0
1753103246914 0.5100871324539185 0
