1753103246914 0.9029302000999451 0
1753103728748 0.7120739221572876 1
1753104210278 0.6242328882217407 2
1753104690926 0.5806387662887573 3
1753105171928 0.5416203737258911 4
1753105651468 0.526202380657196 5
1753106129500 0.5068402886390686 6
1753106606887 0.4940296709537506 7
1753107084306 0.47761669754981995 8
1753107561399 0.472299188375473 9
1753108038121 0.4634189009666443 10
1753108515189 0.4534775912761688 11
1753103246914 0.9029302000999451 0
1753103246914 0.9029302000999451 0
1753103246914 0.9029302000999451 0
