1753103246914 0.1754823923110962 0
1753103728748 0.21140258014202118 1
1753104210278 0.2380739450454712 2
1753104690926 0.2507855296134949 3
1753105171928 0.2617834508419037 4
1753105651468 0.2667681872844696 5
1753106129500 0.272487074136734 6
1753106606887 0.27604231238365173 7
1753107084306 0.28037065267562866 8
1753107561399 0.28256189823150635 9
1753108038121 0.2845681309700012 10
1753108515189 0.28628838062286377 11
1753103246914 0.1754823923110962 0
1753103246914 0.1754823923110962 0
1753103246914 0.1754823923110962 0
