1753103246914 0.31444549560546875 0
1753103728748 0.37780067324638367 1
1753104210278 0.4250025451183319 2
1753104690926 0.44594815373420715 3
1753105171928 0.46516039967536926 4
1753105651468 0.4764969050884247 5
1753106129500 0.4877049922943115 6
1753106606887 0.4960833191871643 7
1753107084306 0.5034985542297363 8
1753107561399 0.5090402364730835 9
1753108038121 0.5130090713500977 10
1753108515189 0.5174662470817566 11
1753103246914 0.31444549560546875 0
1753103246914 0.31444549560546875 0
1753103246914 0.31444549560546875 0
