1753189697966 0.5795747637748718 0
1753190534409 0.6099910736083984 1
1753191372475 0.621408998966217 2
1753192202666 0.6267768740653992 3
1753193031881 0.6311936378479004 4
1753193860728 0.6327323317527771 5
1753194687748 0.6229590773582458 6
1753195517441 0.6349729895591736 7
1753196343047 0.6373443007469177 8
1753197174592 0.6399927139282227 9
1753198001629 0.6418429017066956 10
1753198829214 0.6433219313621521 11
1753199658447 0.6442554593086243 12
1753200489225 0.643161416053772 13
1753201322134 0.6468454003334045 14
1753189697966 0.5795747637748718 0
1753189697966 0.5795747637748718 0
1753189697966 0.5795747637748718 0
