1753189697966 0.6588742733001709 0
1753190534409 0.4402095377445221 1
1753191372475 0.3989552855491638 2
1753192202666 0.37499502301216125 3
1753193031881 0.3576509654521942 4
1753193860728 0.3502221405506134 5
1753194687748 0.39172208309173584 6
1753195517441 0.34087350964546204 7
1753196343047 0.33253806829452515 8
1753197174592 0.32062840461730957 9
1753198001629 0.3127543032169342 10
1753198829214 0.3055669665336609 11
1753199658447 0.3007733225822449 12
1753200489225 0.3053511381149292 13
1753201322134 0.28907835483551025 14
1753189697966 0.6588742733001709 0
1753189697966 0.6588742733001709 0
1753189697966 0.6588742733001709 0
