1753189697966 0.2176884412765503 0
1753190534409 0.25260382890701294 1
1753191372475 0.2684217095375061 2
1753192202666 0.27695316076278687 3
1753193031881 0.2828088700771332 4
1753193860728 0.28554582595825195 5
1753194687748 0.2720707356929779 6
1753195517441 0.28755196928977966 7
1753196343047 0.2909272015094757 8
1753197174592 0.2949042320251465 9
1753198001629 0.29739004373550415 10
1753198829214 0.29959794878959656 11
1753199658447 0.3011019229888916 12
1753200489225 0.29976239800453186 13
1753201322134 0.3043431043624878 14
1753189697966 0.2176884412765503 0
1753189697966 0.2176884412765503 0
1753189697966 0.2176884412765503 0
