1753189697966 0.4163592457771301 0
1753190534409 0.4768049120903015 1
1753191372475 0.5004233717918396 2
1753192202666 0.5141386389732361 3
1753193031881 0.5246540904045105 4
1753193860728 0.52963787317276 5
1753194687748 0.5053179264068604 6
1753195517441 0.531863808631897 7
1753196343047 0.5372259616851807 8
1753197174592 0.5457419157028198 9
1753198001629 0.5494107604026794 10
1753198829214 0.5537592172622681 11
1753199658447 0.557834804058075 12
1753200489225 0.5547643899917603 13
1753201322134 0.5635513067245483 14
1753189697966 0.4163592457771301 0
1753189697966 0.4163592457771301 0
1753189697966 0.4163592457771301 0
