1753264849947 0.6136165857315063 0
1753265971927 0.6376953125 1
1753267089383 0.6426173448562622 2
1753268213637 0.645496666431427 3
1753269332236 0.6463921070098877 4
1753270446126 0.6484512686729431 5
1753271557747 0.6503036618232727 6
1753272676207 0.6527879238128662 7
1753273791651 0.6531072854995728 8
1753274903879 0.6544920802116394 9
1753276013634 0.6566013693809509 10
1753277122773 0.6589584350585938 11
1753278229605 0.6593772768974304 12
1753279344401 0.6626281142234802 13
1753280450031 0.6640619039535522 14
1753264849947 0.6136165857315063 0
1753264849947 0.6136165857315063 0
1753264849947 0.6136165857315063 0
