1753264849947 0.46294984221458435 0
1753265971927 0.33051493763923645 1
1753267089383 0.30805081129074097 2
1753268213637 0.29658204317092896 3
1753269332236 0.2920699119567871 4
1753270446126 0.2821212112903595 5
1753271557747 0.2734728157520294 6
1753272676207 0.26267486810684204 7
1753273791651 0.2604137361049652 8
1753274903879 0.2554098963737488 9
1753276013634 0.24451929330825806 10
1753277122773 0.23673000931739807 11
1753278229605 0.23392914235591888 12
1753279344401 0.21972967684268951 13
1753280450031 0.21505914628505707 14
1753264849947 0.46294984221458435 0
1753264849947 0.46294984221458435 0
1753264849947 0.46294984221458435 0
