1753264849947 0.4842560887336731 0
1753265971927 0.5425162315368652 1
1753267089383 0.555366039276123 2
1753268213637 0.5633067488670349 3
1753269332236 0.5666094422340393 4
1753270446126 0.5700881481170654 5
1753271557747 0.5751199722290039 6
1753272676207 0.5805481672286987 7
1753273791651 0.5818005800247192 8
1753274903879 0.5850541591644287 9
1753276013634 0.5901318788528442 10
1753277122773 0.5954373478889465 11
1753278229605 0.5970032215118408 12
1753279344401 0.6044995188713074 13
1753280450031 0.6080816388130188 14
1753264849947 0.4842560887336731 0
1753264849947 0.4842560887336731 0
1753264849947 0.4842560887336731 0
