1753264849947 0.25968554615974426 0
1753265971927 0.2922341823577881 1
1753267089383 0.29919955134391785 2
1753268213637 0.3032682538032532 3
1753269332236 0.30429133772850037 4
1753270446126 0.30779796838760376 5
1753271557747 0.31032320857048035 6
1753272676207 0.3125758469104767 7
1753273791651 0.31445440649986267 8
1753274903879 0.3169122636318207 9
1753276013634 0.3172915279865265 10
1753277122773 0.3232493996620178 11
1753278229605 0.3226587176322937 12
1753279344401 0.32914042472839355 13
1753280450031 0.33077308535575867 14
1753264849947 0.25968554615974426 0
1753264849947 0.25968554615974426 0
1753264849947 0.25968554615974426 0
